149.16 105 -> 149.16 109.196
149.16 109.196 -> 149.16 115
70.8404 105 -> 70.8404 110.804
70.8404 110.804 -> 70.8404 115
143.058 115 -> 144.055 115
143.058 115 -> 142.961 115
142.961 115 -> 142.882 115
142.882 115 -> 77.081 115
77.081 115 -> 76.9928 115
76.9928 115 -> 76.8881 115
76.8881 115 -> 75.9583 115
144.134 115 -> 144.771 115
144.771 115 -> 144.823 115
144.823 115 -> 144.883 115
144.883 115 -> 144.949 115
144.949 115 -> 145.017 115
145.017 115 -> 146.105 115
146.105 115 -> 147.226 115
144.09 115 -> 144.134 115
144.09 115 -> 144.055 115
75.251 115 -> 75.8893 115
75.8893 115 -> 75.9288 115
75.9288 115 -> 75.9583 115
148.416 115 -> 149.16 115
148.416 115 -> 147.226 115
75.2038 115 -> 75.251 115
75.2038 115 -> 75.1477 115
75.1477 115 -> 75.0845 115
75.0171 115 -> 75.0845 115
75.0171 115 -> 73.9264 115
73.9264 115 -> 72.7988 115
72.7988 115 -> 71.5956 115
71.5956 115 -> 70.8404 115
76.8881 105 -> 75.9583 105
76.8881 105 -> 76.9928 105
76.9928 105 -> 77.081 105
77.081 105 -> 142.882 105
142.882 105 -> 142.961 105
142.961 105 -> 143.058 105
143.058 105 -> 144.055 105
144.09 105 -> 144.055 105
144.09 105 -> 144.134 105
144.134 105 -> 144.771 105
75.8893 105 -> 75.251 105
75.8893 105 -> 75.9288 105
75.9288 105 -> 75.9583 105
144.823 105 -> 144.771 105
144.823 105 -> 144.883 105
144.883 105 -> 144.949 105
145.017 105 -> 144.949 105
145.017 105 -> 146.105 105
146.105 105 -> 147.226 105
147.226 105 -> 148.416 105
148.416 105 -> 149.16 105
71.5956 105 -> 70.8404 105
71.5956 105 -> 72.7988 105
72.7988 105 -> 73.9264 105
73.9264 105 -> 75.0171 105
75.0171 105 -> 75.0845 105
75.0845 105 -> 75.1477 105
75.2038 105 -> 75.1477 105
75.2038 105 -> 75.251 105